0.11224791235701503
0.894683751931546
0.8009502281135699
0.09745676184239227
0.10207189993518506
0.27202409775512093
0.9606950690636675
0.40600477693041137
0.9604878001027055
0.8014664860889331
0.9277381393645519
0.09881858271310806
0.415196473957669
0.06876063073450656
0.7029246539045948
0.20709438382017442
0.5692130040339924
0.07347511469987889
0.39275152834844507
0.687796844334883
0.625182869808107
0.197321886066826
0.9825464834642366
0.11579630831046717
0.5410617536817888
0.9098360984267793
0.7565305726996852
0.16592436571176994
0.811638083137187
0.055597084323260715
0.37895344070499326
0.24517621068462003
0.7188598270917259
0.817839085918453
0.17423257993974928
0.20202154201633138
0.7195511018272747
0.8199491953134128
0.88795812001861
0.6392446424508862
0.6638444649075839
0.3998979770379214
0.4890583466041958
0.32143977783953637
0.17014094055233597
0.3025457269934939
0.9503740920875736
0.4317837754389058
0.7620484935729093
0.2355055533261896
0.702965381070892
0.3769270891032359
0.6367035559450747
0.9343258606720148
0.09100575527100796
0.4100424583207518
0.17684006312629919
0.262978994153942
0.7686289029964197
0.6186041341726602
0.763952833460704
0.03384016073733953
0.22405070595827214
0.701458264302373
0.7662320782619916
0.5484948836824424
0.060849483074714605
0.5594402315170035
0.7072673959733624
0.46864908988343257
0.5360350016555184
0.8306626451695345
0.7301773705853536
0.745675421127848
0.8120880324023059
0.026453694477246215
0.9443908179983569
0.3976345153890639
0.8432287039868993
0.10873717338545918
0.8398094248758696
0.48738044135790726
0.5426665093801564
0.5501924864244374
0.3065384233209607
0.732954848348127
0.6214538743127627
0.8275407672912776
0.8724708786743605
0.5680688315223139
0.15163814869372838
0.7426039288226463
0.8940442446988408
0.9004199003500064
0.43167494060936806
0.9100038129591588
0.7282496947639394
0.6185407055330217
0.32464276936137404
0.7994049361927886